01001110110011010010101001100010
00010001000100010001110110011011
01101111010101111001111011011011
01101101101101101101101100001000
11000000101110111001101111011011
10101111001011010010100001101100
01110110110000111011011011101110
11010101110101000100000110010010
00100010100000010001000100010001
11000011101100001110110110110110
11011011011011011011011011011000
01000100100111011011011011011011
10101110000010000011000100100001
00010001000111000100111100101101
11101000111010110100101101110100
00010001000100010000100010001110
11011011011011011011011011011011
01101100111101101101100001110110
11000010010000110110110110110101
11010110111010000010000001000111
10000100011100001010000100101010
01101000111011011010111011101001
00100010001000100010000100011101
10110110110110110110110000100011
10110110000111011011011011000011
10000100010010000110110110110110
11010110111010001000010000011011
10001101100010101100001010110010
00000010001110101001010111011101
00100100010001000100001000100011
10110000111011000011101101101100
00100010001000111011011000011100
00111011000010001001000010111011
01101101101101101101011011010100
01011010100111000101010010010110
01001001100000011100110100011101
10110111010010010001000100010000
10001000100011100001110110110110
11000010001000111011011000100010
11011000011101101100001000100010
00101101110101101101110110101101
10001000010000010111000110110010
01010110010011001101010101001011
01110101101101110100100100010001
00010000100010001110110110110000
10001110000110101101001110000011
11000001111000011000011110000111
00001000100100001011011011101011
10101101101111001111000000100101
10100001000101011001001001100110
01101010111101011100010010010110
11100011001000100010001000010001
00010001000111000011101010001011
11001101110110101000100111000000
10111010010001011000100010001001
00001011011011011011011011011011
11001100010100000001001011101010
11011111000111100111111001100000
00000110110010001010010110111000
11100000100010001000100001000100
01110000101100100001000111011011
00111011110111011101110010000001
00000110010001111000100001001000
10011011011011011011110011011011
11010110000101101110010110000111
11100111111111110010101100000010
00100111101011011011100011001000
10001000100010000100010001000111
00001001000011101101101101100111
01111001000000100001111001000000
01100001111101110000010001010110
10110001110101011011110011011000
10101000101011111111100111111001
10011111100110111001100000011011
01101000100110010001000100010001
00001000100010001110100000010001
00010001110110110011101111000001
01001110000010000010111001011101
11100000000111000001001101110100
01001110101101101101111001000010
01010100110011000000100100000010
00111100001001010001001000110110
11010001001100101000001000100010
00010001000111000100001000100010
00111011001101111001000100101000
01000001001010000001010100111001
01110000010000000000100101011010
11011010110000010111100110111100
10001011000011001111111001000000
10010011111011000110010100100011
01101101110001100100010001000100
01000010001000100010001000100010
00111011001111001101111010101010
00000100001000010000100001010100
11100101110001100000000001011011
10111000000011110111010111100000
10000001111001111110011111110010
00000111000010000110010010100000
01101101101110100100100010001000
10001000010010101100100010001000
10001110011110101000100100000100
00111101110000010101000000101010
00000101010001000101101101111110
01001110110111000000000110011110
00011100001010101001100110011111
11001010110011100001010001001001
00101001000110110110111000111000
10000010001000100001001001001001
00010001000111001100011011000110
00000100100111001000000100001000
01000010000100001000010000010000
01010111010101100111011010100011
00001011110011010110100101000101
11010101110011000111100110011100
10101100011011101101010010010010
10000001101101101000100111000001
00010001000101000101011100000010
01011011000101011001010000001011
11100100000011110000011110000010
00010000101010001010011100101110
11000110101101101010110110011101
00000110000100001010111000100000
00000011111111110011001111101100
10001101001000001010000010101101
01001101001001000100010001000011
00100001000100100010000100010001
10110011110101011111011101110111
00100111000001000010000101010001
00000010101001110010111010001101
01100110000010010100000010101000
10001011101100111110011111110010
10111100001110010001110101001000
00101000000110110101001100011001
00010001010000001100100001001000
10001000100001110100001000111100
10001001011110101111011100100111
00000101001110000010000100001111
00000010001011100000011111001010
00000101010000001010111010000000
01111110011000000000110110110110
10111011000001010000001101010001
00110001100100010001010000001100
10000011001000100001001011000100
10001100011010110100010010111100
10001001110111001000000100001111
01110111001001110000010101001110
01010011100101000000100001010111
01010111110011111001100110100110
01001011010110100100000101000000
11010100010011000110010001000101
00000011001000001011001110000001
10001010110010010001101110110101
00101010001001010100111011100100
11100100101111000001000010000100
00100001000010101001100000101000
10110010011111000000011011010010
11011011010100100000101000000101
00101010011000110010001000100010
00101000010100110110001010001011
10001001000001011011010001000100
10101000111011011010100010001101
00111000001000011110111001010011
10000001010101001110100111111111
11111000010001110110110110101101
00100000101000000110101000100110
00110010100000100010001010000000
01101101000010110110001010100010
11110101110110110011110111001001
11001000110111110000010000111101
11001010000001111000000110000010
10101011000101101110010110111110
00001100000010101101001011011011
01101010010000010001000010100010
00100110001100100010001000100010
10010000011101110000111010001010
00111011010100011100001001111100
00100111000001101011100111011100
00010000100001000010000111100000
01001011010101100101011100101011
01100100011111111111111001101000
11101101101101101011101100000100
01000010100101010011000110010100
00010100000011111000001011100010
01001001101000111011001100010110
01000100000001101111011100101011
11010011101110000011110000011110
01010000000111110010101100110010
10110110111111010101001100110000
00011011010010110110110110101110
11000001010000001101101010001100
11001010000010100000010011111000
00101000010011000100011100001011
00010011100101010111011110110000
00100101111101110010011101110111
00101000100111100100101000110101
11000001101010110001111001111110
10001101001011011011011011011010
01000101000000101000100010001100
11001010000010001010000001100100
00011101000111000011100001011001
11000001110001111100000111001000
10001000010000101001110010011101
11000001010111110111011001011010
00000001010110010011111100000000
01110010010110110110110110101110
10010001010000010010001000100011
00111000001010000010001011000110
10001010000010001110000110110000
01100010101010001111111111001001
11000010011100100010011100100000
01111000000101100011001000001010
10100000010010011111100111111011
01101001011011011011011011011011
00000011000001001000100010001100
11001000100010001000101101001000
01101100011000100100111110010000
00100100100000001100000000101011
10101111011100110000101100001000
01000010101001010000001001111000
00000011111110011111111110000110
11101010010110110110110110110110
00001010000010010001000100011001
11000001000101000000111000100110
10010000001011000000001110010011
11110011001000010101110011110111
00110100010001000111110000010000
10000101010000001111101011000000
10000000011001100110011000000011
01101000110111011011011011010111
01100000101000001001000100010001
10011001000100010001000100001000
10010101001001000000001000000000
10011001001100111001000000101011
00001011000001010101101000100000
01000010101000000101010000100101
10001001111001110010011001100111
01101101101101101011011011011101
10110000010100000100100010001000
11001110000010001000100001000100
01011001111101001100110001111100
00000001001100100111001101010010
10000011001100010100010100101111
00000111100000010000001110010101
10001110000011100100110000000001
11001001011010100101101011011011
11010110000001100000100100010001
00011001100100010001000101000001
01110001100100010001100110001000
00010000011000000000101010111100
00011010000011001001000110011100
01110010001000000010011100000010
10101001000011111001100111111011
01101001011011011010111011011010
11110100000101000001001000100010
00110011100000101000100110101101
10000100000010010010000100000000
01010110011000110101111010001000
00010101000101100111100000001011
00100110111010101011010001011110
00000100100000010000111111001100
11111110110110110110110110110110
11010110110111000001010011000010
00100111001100110010100011000110
01000001101010111110001001000000
01101010100111000010101001110010
10001000000011111100000000010101
01010110110001010101110000100001
00001010111100011110010110011111
00001100110011000000001010110110
10110111010111010110110110010011
10000001100110000100010011100111
00100100110011100011100100010110
01101111100000101011001111111111
00101011000100101000001111111110
01100100100110010000010010000001
01011100100111110011111100101001
11100111111011011101011011101011
10101101111011001000101001001001
01001100101000100111010100110010
10010110100001101010100110111001
00111000011001111110011010101000
10110101110101011000100011101101
11001001011100001111000000100110
00100011001111100111110010101001
11111101011101011011011011011101
00011010101001110000011001001000
11100101000100111001110010010011
01100101000100101111001010100111
10100011000000000110011000101011
01110010111101100011010100111011
10111010101100010100000001010101
10111001100100000000001010101111
11000011101011101101011011011000
11010101001110010001010011111000
00111001010001000100011100100101
00000011001001000111101111001111
11001101011110111001010101100000
00011001000000001111001110111100
10001000110110001101000001101101
10110011001101010101010001010111
11000110110110101101101101111011
00101000100111011100000011111110
00111110010100101010010100110001
01001001011001110000111000001101
01010010111111100010010101101000
00110101101111001000101100111011
01010001000111100010110000001101
10110110000001000010110000001111
10000000111011011010110110110110
00100001111011100000100001000001
01111100011110011010001000100101
00110001110001100011001100011010
01001111110010110100001011111000
00000100101010011100100011101100
11011101101000111010100010101110
11100111100101010010010110011101
00111110100101011011011011011110
01101010001000000101010011100000
01100111000001110010100010001000
11100010000001100000011000100100
10011000000100101010111001011100
11001010111010010010101001110000
01011011001101110110111000101000
10000000111010100111111100001010
11011000100001001010111010110110
11000111101110000010000100001000
01000001011110010001100010100101
11101010011100001100000010001000
10000001010001011000100000000001
11110001011100101110010010000000
00010001110110011011101101101110
01111101110110011000000001110000
00000000100010001101101011011011
01101100010000111100101000000101
01000000100000111111100011110001
10110111101010011001011010000001
11111001100110001110000000000000
01000100000100000000110011111100
01001011011001111010110110101100
00011010100000010111000000000001
11000111110010111101011010110110
11011011110000010000100001000010
00010000100000110101011000111100
01010001001110101111111000011111
10001111001000011111011001101010
00000010001100101111111110000000
00001010001101100110111000000111
00010100011010000100010101100100
11100000110011101110101011011011
01101101111000001010100000010000
10101000000101011010010101100100
11110010001001110011110100110100
11111100110111001011000000011010
01001000010101111001111110011001
11001100011000011101011100010000
11010000101101001001111111110011
10011001000000111011010101110101
10110111101100000010000010000100
00101010000001000001101010110010
01100101010100010011100101100111
00000001101111100110110001001101
01111000000100101111100011110011
10010011100000110001001011011001
11100001001000101101010101010011
00110011100010011111111001110110
11010110110111100110000011000010
10100010100000011110000001101010
11111001000011010100010010110011
10100000111001111101110100100001
11110101110000101111100111110011
00110011001100110011100100011100
11110011011111010111101111111100
11001100111000100000000011101101
01011101101011011000101100000110
00010101000000101010001000101101
00101010011100100011010100010011
10010101001011111000100111111100
00000111011001101010110010011001
11111001111110011001110010011000
00000100001011011010010101001100
00000100000111111100110001000111
11110011010010101101101101100011
01000001100001010100010100000010
00001100001001100000000110001101
10111100010011110001110011000010
11110000110011001000110101001111
11111000111100110011111110011111
10001001100000010001011101010001
11010000000101011001001100110010
10001111111010011101100111010111
01100001010001010001010000001010
10011100101100010110010010000000
01110011010100101010100001100100
00000100111111001100011000010001
00100011000001001010110000011001
10011111100110011111111001111001
10110111100100010100010110100000
11111010111100011001100010011010
00100010010100000100001110001001
01001110000010000010111001011111
00100010100001010010000001011011
11000010111001010110011011111010
10101000100011001011010000110001
11110011001100110011111110011111
00100001000111001111001101001110
01000000101011100011001011110001
00111001010001101101111000011001
01100000001010000001010100010001
01111000110000011101010000010000
00010001000100010001000101011001
11110010000000100010010011100000
10111010010100000000100100110011
00110011001000000011000100110110
11011101101010011100000110101011
10001010101100100010010100011011
01101111011011000100000011111000
00011010111111000111101001000000
11100100010101010001000100101001
00101010011100100000011001010110
01001010010001000111100011011010
10110011111100101010101111110010
11011001111001110110101000100111
00101000100010110111000110000001
00010101101101101111011000011010
00001000000101101001100011010010
00101011001110111001011000100010
01110011110010101100100000000110
01000000010011111011001101101101
01010100010101100011110011000000
11011110001110110110011011011101
01000100111000001000001000001010
11101010110110000110011011011011
11001100100100010100000010000010
10011000000110001000110010111110
10000101011110100010001000100001
10011111101010101111111001111111
11100100010001101111010000000001
11100111111001110100110001110110
11011001101110110101001110000010
10100111001011100001010100011010
11011011110110000101011010111000
00011101100100100001100000100001
01011001010000101011000100010001
00101001000000011111001001110000
01111110011100111111110001100101
00000010010001111110010011111111
01100111101100110111011010100111
00000100001000010101101000100010
10111001101101100011010000010000
01000001000100010001000101000001
00010010110000010101000101011010
10001000100100011110011100100110
01100110011001110010010110110100
10000001111100111111001000101111
11011110011110110110011011101101
01001110000010000100000100000100
10111001101111011011011000001010
10011100010001000101001000110011
10010101001001010011110110100010
01010001000000100000000010011001
00111111001110001111001001010100
00010000000100111110000001000110
00101001101110011110110110011011
01110101001110000010101000000100
00011000110010001011101011101110
00010101101001110000010001100011
00000101000010110010000000011111
11100100010010110000011000000100
10011001100111111001110010101000
10101000101010100111111111110010
01010101011001010001011110011110
11011001101110110101000000101010
00000101011010001010010011001100
11001001101101000000011100000111
00000100010100000010011100010010
00001110011100100111010100100000
00100111110011001110011111111100
00001001111000011111001111110000
00100001000000000010011110110011
01101111011011001110110101001110
00001010100000001011101001110100
01001010111111011100101001110010
10110001001110001100011000111100
10110010100000100011110111001100
10000000001100111111001110011111
10011001001110001000000000111100
00000010110010101100101100010111
10110011011110011110011011101101
01000000101010000001000001111111
10100000100011000101011010101010
11001000111101111111000000110000
01100110010000010001000111100100
11101111111100110011111110001001
00011111100100111011001111111111
11111111111000101100011101101100
11011011011110011110011101101010
01110010100000010101101010001000
00011000000100011010101010001111
10110011001111000010011001110010
01101010010100101110111010111110
01100110011001110000000001010011
10001000100000010101011111100111
01100001000111011011011011011001
10110111100110110111010100010011
10000010000010110100100011100001
00010011011100111000110011001001
11000001111110101010101010101101
00000110001110111010101010111111
11110011111000111111000100010011
11111110010001111110010001000010
00100011101101101101100110110110
11101011101101101010011100000101
01000000010000001000000000100010
00101000101100010001001100010011
01100100000000000000100101101101
00101101101000000000000000000000
10101010101101110111001101001011
11101100101111011110111111110111
01011110111111111111011001011001
01100100101100111110010010001000
00001101101101101101010010100110
01010010100111011110111100110101
10101111011110101001010100111011
00101111111111111111101011110101
00111110110011110000000000000100
01000100010001000000000000001100
00000000110001000001001100000001
11110100101100101011111000000000
00100000000000000000000001000100
01000000100000000000100000010000
01010010110011100110011000000000
00000000000000000011000000000000
00000000000000001000010010100101
11011000000000010001000000000000
10000000110011000000000011000000
00000000110100100010010100101111
10100000010000000000000000000000
00101111001010011100111101101010
01011110100100000000100000000000
00110100001001010010111101001000
11000000000000000000000011011111
00110101001011000111111010111101
01010101011111101101100110100010
00000000000000011010011010010100
11111010010001111110100000000001
10100110000000011010111101011110
01111001111110110010010011101101
01101011010110110011010000010000
00000000000001100000001101000100
00000001100011010001000110101100
11101110100000100110110100100010
01010010110011100001011001010000
00000000000000110010111101001000
11010010100111110000100000000000
00000110100100110100110100110100
01100010011010001011001011011001
01011001010010000000100000000000
11101100010011001101011111101110
10011010000001100000000100110001
00110100011011010001101111111011
01100101001110110110011001010010
11111000000010011000001001101111
00001001101111110111100000000000
00000010000010011001101100100001
00101001011111101101111010011010
00101100110000010001100000001001
00010000100110111111011000000000
00000100010000011010011010011001
00101001010110111000101010100101
00011010010100011101101010101110
00101011001100001000100110100010
01101111110100000000000001000000
01000000010001100011010011011110
01000101001111101001001010010000
01001100101001000001001101001010
01010101001011001100010000110111
11101001100010001000000010001001
00010001000000100101001111101001
01010010101111011101001110111110
01001001010010011001111100000100
10100101010101011010000101011010
11101010010011010001101001101001
10100001000100000100000000011011
11011010111101001111101001001111
11100110110010100100011010010011
00100110011011011110100110111111
10000101101111101010110011101101
10001011010110110010011010011000
11001000100000010010000010000011
00001101001111111011011101100111
11101001101111101001011110100101
10011101101111010011111010010110
01110110001001110110010111111011
10100111111001001101001100000000
00000011000001101000000110001101
00010011101111111010011001000011
11110101111010010101101110011011
00110100010011010101101011011011
01101111101010111101010010100000
11001000011010000000010000000010
00100000000110011111010011111100
01101111111011011001110110010011
01011110100111111010010010010100
10101001110011110001111100001011
00110100011000001001100000000001
00001100000000000001101000110100
00100110010111111001101111010011
11110100000100110111110100111110
10010010000011111110110110001100
10011011010000000000000000000000
00010011000100110001101111100111
01101010011100001001001101001101
01111010010111111011011111101101
11110001001101011111100110011000
10011010000000000000000000000000
11111101101001101001101111101001
11101010100110101010010101011110
10110101001010011100101011110101
11101011010101111011001110110011
01001101011111100001010110011100
11111010000000000000000000000000
00000101111100001100001010110111
00110110101111110101011011110011
11111101111111100001001100100000
10111101101101101101001111100110
11001011010111111100100010000001
00000000000000000100000100110000
10011010011011111010111101101110
11101010110101101101001011101010
11111001011110100100100101001011
00101101101101101100011100010101
01001010111100111110101111111011
00000001000000000000001101000001
00101001001110110011011111101000
11010101001010111101010011101100
11111110000101100111000010101101
01011110110011010001011111100010
10101011001010101011110110011101
11100011101101101101011011100111
11001100000000010000000100000000
00001111110110110110010100100100
11100111010101001110110111111001
10101001101110110101101110011111
00100110101100111001111011111110
10010101111010101010101111001001
00110010000000000000000000010000
00100001010001101111111010111010
11111001110110110011101101010101
00111110111110100010100101111010
01001001010010111110101100111000
10101100101001000011000000000000
01001100000000000011111100100010
01101101101101000011111110111001
01001001000100110110100001100001
10111100010001100100100110010000
00011010000000000001001101011111
01000011111110000110100100100110
11111010010101111100011001010010
11111000000010000010011001000001
00001001001100001000000000000000
00111110100101101001010101111011
00101001011111101101011011100110
01111111001101111101001000100100
01000010000000001001101000110100
11010000001101001001100100000100
00000000010011011101101010110001
01101101101011010100101111110111
10001111101100100010010100010011
10110110111110101001110011010010
00010001110000101010011001001001
10100000000000000110100100110000
00000001000111111010101111001110
11011111101101111010010110011011
11100000010010101111110001111100
01010101011110101101101000010101
10101101100111100010010011001100
00000000100000100001000000000011
11101011111111010010101010101010
10101101000010101001110101101111
10100111011000100110101111101111
11101101010111101010110111001001
11001101010101001110011010010001
00000000000000000100000000000010
00110101011110110100111011010111
01110001111001010000101001111111
01100101111111101001011110101111
01110101111011101000110111111100
01010110100101010010010011010000
00000010000100001101011111011000
00000010011101101011010110101110
10110100111011010000101010010101
10111011011111011000010010001111
10100111101101010101101101011011
10011011110100111111100110100101
10110001011111010000001100000100
00010001001101101000000000000101
00101010010110111110101011110101
01010110110110101011011111101111
11001101010101101111011011111010
01001101000101001001101001010010
01100110101001001001100001101000
00000000110111111101111100000000
00001010011100001010101100011111
00010010100101101110111000101011
01001111100001111110110111110100
11111100011010000110000000000000
10000000000000100000000000001001
10101010010110100001010101011100
00101011011111010001001110111110
10100100000000010010000000000000
01001010010000110000000100000100
00010000000110111111100001010100
10100110100101001001100111111100
00101011010110110010111000111010
00111111010011000000000000001000
01001010011111101001101000000000
00000000100000110101111011011011
01010001010011110110100111011010
10010101011110101001011010111111
01011110101010111000011110000011
00010011010101111111101001001000
10000000000000000000100010000000
11010010100101010010101111011001
11011001100101001111110101111010
01110000101100100101001010101011
10110011000000000100111001101010
10001001100001000110100000000000
00000011000011001100010100111110
11010110110011011101101100111000
01110001111100110011101101100111
00001101011110100100001100000010
01110110111000001001100000000000
00000001101101001101000001101001
01001111111001101100111001111111
01111111001101010011100111100011
11011001010010000000001001000100
11101010100000001001101000000000
00000000000000010001001001010000
01001101010010111111000101011110
10100101001001000100000001001010
01010101010111111111100011111111
10001110110010100100001001001100
00000000000000000001000010011101
10111110101111110011001001101011
00110101010010110101101100100011
01111000100000100110101111101000
10100101111111100010010011010011
00000011000000000000000100000101
11111011111100110011111001010010
11001101011111010111110100100001
00000100000001111100111001101111
10100001101001101000000000010000
00100011010011000000100011111010
00001011001010111101011011001011
00100110010000001001000000110100
01011110100100001100001100000000
00000100110001000010011010000011
01010110101000110111111010100101
01001110011001010110110100000000
10010100111111011000100101001001
11010000010011001001100110000000
00001001011010110101001000010000
10100101011010110100011101101110
10100010010000101111010011111010
10101010111101110010000100011111
01001011010111100001110111011011
01101010101111011001010100101001
00100001000100100100100110001000
00001011001001011010110100111111
01111000101001010110101101011111
01101000101010011100010101011001
01011110101101110110111110100010
00000110110110001100111011011011
11101101000010010101000001000100
11001001000101110000101001011110
11111010011110110000100110100100
10010101111010101111010100111001
10101010111000101010110111001101
11101001011111011011010011001001
10001001100000110101111110000101
10111110110100011101101110101001
00000000110011001101001110110101
01011101101111101001101111110000
11010111111001111101110000101111
11011011010010101001100011111010
01000110110011000011011111100000
00001101111111011011001010000010
00000011010000110100011010010000
00011010111101101011011111101100
10100100101100111011011110101111
01111011111101101011011000011000
10011010000000010000001111110000
00000110111101000100000100110110
01000000100101011111111100110100
11010011110110101111010111101011
01010101010100100000100110100000
01000000000000000000001101111110
01000000100110000001100001101111
11100110101001110111111010010111
11100111111110110100101010110001
11001100110100101001000000011010
01100000000100000110100000010000
00010011001000011010000110001001
01001010100111001101110000111110
01010010110110001010101010101011
11010111111100000010000000100010
00000001001100001001100000100110
10001001100000000100111011111101
00110100000001101110000101011010
00111000001000000000100010000000
00001100110110000010011110010010
00001000011001000000100010111101
00100110111101001001010111101011
01110000111000110010001000000000
00000110100000001111100100100011
00100101001001101000100001101001
00010011000010001101111101001000
11000101010010100111001110101011
01010010000100110111111000000000
10000000000110101000111110010101
00111010001001001100001101010010
01000000100101000110100011011010
01111101011110110111011100010100
11001001010011111110110111101001
00000000001000000000000011001010
01011001010010001111110100000110
11011010010001000011010011001001
01000111111010100111111100001010
10011101100111111100101011011101
01101011011111000000001000000000
00010000011011101101010010100000
01101000010011010000001101111110
10011010000010100101111110111111
11011001101011101110001010110011
01001000000000000010011000000100
00001010100101001000100111111000
01001001111101001010010001101111
10000100011001100111111010011111
00001000000010001000000000001100
11000001000100001000010010011010
00010010101101110001110101111101
01111101110110111101111011001111
10111111111010110010110001111101
01101111101010110111100110110011
11100100100010000010011011011011
01101010010100101000110110101001
11011110110101111011001011001011
00101010010110011100111111011001
11111111001101011001010110111110
11001011010001010110100010000000
11001011101100001010011011011011
01011001100111001010000000000110
01010000110101000000011001000110
11010001110111000000011011110111
11011100010100000000000110000000
00000000000000001010010100000001
00010100001110100100100000000011
01011101000101001000001100001010
00000000000000000000000110000000
11010100000000101100111101011000
11000011010110000101100100100100
11000000000000000000000000000000
00000000110000000000001000100101
10010110000111010000101110100010
10010000000001010000000010100000
00000000000000000000000000001011
11010000100111011000011010110000
10111001001001001001101100000000
00000000000001101100110000000000
00001100000000000110100001110011
11011001111101000010111000100100
11110100110000010100000000000000
01011011010110000000110000000000
00000001010100001000111101001001
01110000111101100010110110111000
00101000000000000011000011000000
01100101101101000000000000000110
10001110000111101111100110001011
10100001001011101100000000010100
00011001100010001110011011000110
01101100000101010000110110000000
00101110000000100100101110100010
00001011001010000110100000000001
01000000000101100100100001100000
01100000000111010001110011100000
00110000000000001111001000010110
10011001000011111011010100000000
00000000000110111010100101101010
11010000000110010010101100011110
00000110101011000010110110010111
01000001011011000101000010100000
01010000000010110100101101110001
10110011000000101011110010010111
01100000000101011001010010000100
00111100001100001100111010001101
10000000000000101101100001100110
11000110000101101101101101000010
00010110010010001111100010101011
01011000111100010000110011101100
01101101110100110000000000000010
00010110011101000001010110110110
00000000001111001001001000100001
01011001011000010000111111001011
01101110100001011101010010011111
00110101000101101000000100100111
11000011000001101100110110001011
01101000001100010110110001001111
10001101000101110100111000001111
00100101001011000111010001010011
10000001110100110110000001010000
01110100101001110001011010010101
01001101100000101101011011010110
00111001010000110000011101000010
10111100100101111000001000111000
10101001001111100010100000000000
11111001101000110110011001101100
01010010110111011001110001000011
10011001101011101011100111010010
11100000010110000110111011000111
01110011000000101000011010010001
11010111001010101101010100001011
01001011010110001011101000011101
01011000010111111011110110001101
11100110000011101110000000000000
01111011001011110101101110110110
11011000000011011011000000010100
10111100110001011000001111100110
01010011011100010001010100001110
10011001010000000000100100100101
11101101100011001011101101101101
01000000001101011101100110110000
11001110100100111110000100011010
00111011100000111011100000000000
00011010010001110101000001101010
00001101010000000000000011101101
10111111110010111000011011010110
01000000001110111000000000000010
11011000100010000000110110011001
11001000011010001100010000000000
00000100001011000010001111111000
11011011000011101110000000111011
10001010000101000001101111010101
10000110000101010110110000101110
11010001001100111011111011010110
00000110001000010001111111101100
10011010110011100010000000011101
11000000001010010101101001010111
11110011010011101010101011100011
01001110111011101001101111101100
11000000110010000101111001000010
00111001001001110101001001001111
10110000000111010100000000000000
11111000111110001001001011000001
10101111001011000101000101111001
00001110100011111110110011111000
00010111010001110011110110111010
01011111011001011011001001010000
00010111100000000101000001011000
01001010110001111110011011101100
10110111100111111110011100101110
11000010000001100010110111010110
00111000101001011110111011010011
11001101101000111011100000000111
01110011010100001010000011010001
01111001110101101110101111010000
10000100001101011110111010010010
11000111110110000000101100010100
11111110110001110010001100110101
11010001010011000000001110111000
10100001010000110001111111100010
10101010100100101101101100001111
01111111011001001001110000100100
10010000010100001000010010011110
10100011001010101100011100001000
00000000011101110001010000000001
11011010110011111111001000100100
00100001000101111110011001000010
01001000111000111000010101110110
00000101011010110110001110011011
01100100100010011000000000111011
10001010000101000000110100001000
10100111000111001111110010110110
00101101000011111011111100110011
11101101111011101010000000101101
01111111111000010111101001001100
00000000111011100010100000000000
11101101110100001001001110100101
00110001111101001110001111110010
01001100100001001111101010101110
00001011011101011111111110100000
10111010001110111000000000011101
01001010000101000011010111010001
01111111110100111001001011000111
10100101111011011110001011101001
00110100001000011011101100100001
01110001011001110010101110110110
10010010000111000000000001011110
00101000000011001110100010110100
00100101000010001001001010011111
10110001110111101011000010001010
00100010011101110100100101100010
01011000111000010100110111010010
01110011101011001001100000000000
10110100111000010110100100111101
11110111110011110111110110001110
01100100111101111011101101110111
01000111101011000101001001000101
00001110011011010010111110011111
10101101000011111100100000110111
10010111000000000001110100011001
11000000110100001111110011101100
11111111001110010111000010110011
10101011001111101011101111011110
01101011000111110110001001110010
01000010011101110110111101111111
01100010110100010110111010100110
00000001000111001100111000010110
10010011010011100010111101100100
10010010111101011111011000011011
11010100000100111101100110110010
11110010111001101011100100100111
11100010101111011100000001011100
00100111000111010111000000110110
10001010001011110111101110010111
10111011010011111100100111000111
00001111101110100001010110000110
11001110100000001000001111011001
00100111110111110110111000000110
10000101000100011111100001110000
10110110110110011111010111110110
11001110111010000100101011001001
00101000010010110111100111111011
11000000110110000010001010101011
10010010111101011000101110100111
01000001011110110000111100100011
00111001100101100001001001101001
01011000101101011011111011000010
11001110111011111000111111001100
10101100101111111001110000000000
01100111001011100100101110001010
00101111011111011100000001000000
00011110011110010101001100101010
11110100011100111011001001001010
11000111111001001111011010001110
00111111011000010010100010111010
01001001001100000011010000101110
10111110010011110101100111011001
00101100010100111000011000000101
10011110000011110010001100100110
00001101101000010000111110001010
00101000010110010010000100001011
11110011011111110110101001001100
00000100001101110110110101010010
01100011111111000011110011100000
00100000000001000111111000010100
01010100001000111111111111010010
10110001010000111010001010010100
11111101011110011111100100001111
10111011011110111000000010101011
00111100100111111000011101111100
11000101011010000001101100000011
11001111001010000000100011101101
10010111011110111100111010010010
01010000100100101100101011111100
00010100010111010000100010000011
00000100011100011001001010110000
01000001000111111011000011000000
00110000001111001111001010101000
10111011111100101100011010000110
10001011010001111110010101111111
11111101100011100111110100001000
01010010111100000110100100100010
10011111100001011110100111000101
10000110110001010000001111101111
11011011011010001101001111111001
01001110101111100000111111001001
00111111100011000011110111111110
10000100001000101101010011011000
00010000111010010111101011100100
01101001000000000011100000001111
10111110010111101110000101100100
10010101100101011000101000111001
00100101110111101001001100111100
11110010000010101000001011100000
00011011010000100110010110111101
00001111011100000000100111100000
01111001111111011101110000011001
01110100011100001001001110011110
01011111111110100010101101001011
11010111100000101001011001101100
01110101111010001010010010100000
00100110000010111111111000110010
11010010110010010010011011110110
11101000101001111010000100101111
11011110010111101110001101101000
10010100011011001001111111111011
01111010001110111010010111111010
00000001000110000101011100011101
01000110111110011111100111111111
11011010010001000011011001111001
10101111010011011001101101110101
00000011011000101011100101100010
10001000110110000100010000010110
00001010010111100010110011111101
10000011110101000011100111111110
00101001101111011111011000010011
10110110110110110100000000000110
10110110110110001010010110000000
10000110000100000001000011000000
10000111100100100100001111100111
11101110100010100101110000100011
00010001111110010001111101011101
10110101000000001100010110000100
11100010001000101101100011011011
10111101100010101011011101101011
00010110001110001010111101111010
00010010101100010101111110110010
10001001000110101100111001110010
01001001011011101101110111100101
00101000000000101100101110011111
01000111100000001011011000001000
11100001000001100111100101101101
11000011011101001111101000011110
11001001111110110010111100100010
10000100011111111001010011001001
11000101000000000000000011110011
11110010001011111111110101000010
11011110110110111101100111011010
10011011011101011000011001000010
00010111011101011111110111110110
00111110100111011000111110110111
11000000100001000011010001010000
10000111101110110110000000000010
00101011001010011111100110011000
00100000001001110110000011010110
01100101101110110011010010111000
00100001001101110100001000010001
01111110010110110001111111011000
11101110011100100010110000000000
00010111111111000100000001011011
00001010100010101101001101110010
11110110110010101101010111001001
00001001001001001000111101000101
11011010000011101011011110110110
00000000000001001001111100000010
00100000001000111101011011110001
00001010111010110011111011011000
01111011100110111001101000100110
11101110111111110111001011100010
00111000110000000000000011010001
01111001010000001000001101110110
10110011010110011010011101100000
00100001001001100000110100001011
11110111010001110000100011111110
11110001011101111011110000101000
00000001011111001110101000010101
01100001000101101110110110110110
11010111110001001000001011110011
01011001110011101101011011000010
00011011000100110100000011011000
00000000001001010000100100000010
00001001111101011011000010011101
00101110111001111010010110000011
10000110001101000011101101111001
11100111010110110110110010010011
10100000000000000010000100101011
01000011111011111010100010101011
10100001101010110001101001001010
11011110110001010101010111010111
01011110111010111001100001101110
11000001101100000000000011111011
11111110100010001110110100101110
10110111000100110110100001010010
11011011011101001000110100100111
11111000111001011101111010100000
11000000000110000000000100111000
01100110010110001010100010110101
01011010000110110100001010011011
10010101011001010011111001111101
10111111101100111111001101001100
10101100000000001010000000001000
01111100001100000101011000110101
01101010110101010011100010100100
10111110000100000001110001000111
11101111111010100111111011000011
11010000000110011000001100001100
10100011011010001101101100110110
10100101000010001110010100011100
10100011000000000000000000000000
11001001111011100110010110110000
11111100101000011010000011001010
01100100100001000010110100110010
01000010110001011100000010010100
10010000010000110011111010101011
01000100001100000010011111111100
01010101101110001010010111010011
11111100001100111111000000100100
01010101010111010000111111111000
01111110000110000010001001000101
01001010010000001111100001100001
10001101011010111000000010010100
00000010000001101010110110101101
01000000001001111011101111110000
00001111011001111101100100000111
10001101000101010001100001010101
11110100010110011000101010001101
10000110101000010010000110000001
01001011010100001010011010111101
00010001100010110100010111110100
00111011000010101011110010110001
00001001000000001000001110100100
01111101100001011101011000010111
00000010101100010101100001100100
11010111011010100000110010110000
10101001001111111010001100100100
01010100011100001111011000101001
00011011110000011000110100110000
10001100001001011011001011110111
01011000100000011011111011100000
00000111000100100101010001001010
01001100110100010011010000000010
10101001101110010110111010001100
10100011111100100010010011011000
10000101001001010100111011111001
01010110011111000100111011101000
11011101011100000001011111011001
10110110011000100001001101110100
10000111110000000101001000111100
00100101001000111111111010111001
10111000100001110110000100100100
01000001011011101011100101011101
00100000000001001000101101111111
11010010000111110001010000011111
00000011000101101001101100000110
01110010010110100001110100010010
10000011100000100000000001110011
10001011110001010001000000101101
00110000100001001000001100001110
00100100101000101110010110011111
00110000000010000000101000000101
01000110000111100011110001100011
11101111110100101111010101001100
01100011011011001110001111010010
01001010101001100110100011000101
10001111101010010010010101010011
11000010001010010100001010000101